
-Sem O3

Paralelo
2.27885, 2.23300, 3.10089, 2.25024, 2.24321, 2.21457, 2.20961, 3.14654, 2.23358, 2.23218, 2.23159, 3.07196, 2.24697, 2.21827, 2.22352, 2.20488, 2.34132, 2.36422, 2.37234, 2.41125, 2.38887, 2.37968, 2.42429, 2.38558, 2.39997, 2.47664, 2.60454, 2.62363, 2.54170, 2.50967, 

Sequecial
4.13338, 4.11539, 4.10518, 4.25576, 4.13364, 4.09511, 4.10855, 4.07678, 4.14648, 4.08876, 4.14449, 4.08801, 4.10367, 4.39251, 4.09553, 4.23362, 4.50733, 4.10888, 4.12407, 4.08737, 4.14876, 4.07887, 4.13063, 4.08631, 4.13290, 4.06269, 4.07305, 4.05984, 4.10641, 4.39594, 

-Com O3

Paralelo
0.37856, 0.37425, 0.42653, 0.37706, 0.44162, 0.39344, 0.43591, 0.38952, 0.49039, 0.44976, 0.42598, 0.39215, 0.42992, 0.36601, 0.40651, 0.39023, 0.36215, 0.39009, 0.39913, 0.38752, 0.37080, 0.40285, 0.42076, 0.34821, 0.45591, 0.43143, 0.42316, 0.41118, 0.52141, 0.49433, 

Sequecial
0.41159, 0.41216, 0.41708, 0.41808, 0.41598, 0.40979, 0.40638, 0.41145, 0.40832, 0.49047, 0.44989, 0.41022, 0.40891, 0.41056, 0.40695, 0.45917, 0.41664, 0.41390, 0.41190, 0.41503, 0.40915, 0.55070, 0.40769, 0.41209, 0.41496, 0.40609, 0.41162, 0.41941, 0.41124, 0.42372, 