
-Sem O3

Paralelo
0.15533, 0.14583, 0.14763, 0.14752, 0.14810, 0.20847, 0.20992, 0.20155, 0.21027, 0.14509, 0.15365, 0.14992, 0.14549, 0.14766, 0.17829, 0.20387, 0.16600, 0.15064, 0.14534, 0.14548, 0.14635, 0.20133, 0.19914, 0.15762, 0.20612, 0.14896, 0.20367, 0.21023, 0.13918, 0.20809, 

Sequecial
0.27165, 0.27196, 0.27096, 0.27236, 0.28760, 0.27351, 0.27180, 0.29027, 0.27126, 0.27668, 0.27407, 0.27296, 0.27383, 0.27126, 0.27604, 0.26825, 0.27522, 0.27285, 0.27848, 0.26767, 0.27465, 0.26657, 0.27472, 0.27975, 0.28122, 0.26702, 0.27216, 0.27291, 0.28004, 0.26935, 

-Com O3

Paralelo
0.02385, 0.02180, 0.02410, 0.02633, 0.02215, 0.02757, 0.02400, 0.02218, 0.02325, 0.02121, 0.02792, 0.02320, 0.02363, 0.02424, 0.02241, 0.02116, 0.02343, 0.02237, 0.02782, 0.02331, 0.02302, 0.01972, 0.02358, 0.02688, 0.02228, 0.02702, 0.02167, 0.02284, 0.02323, 0.02349, 

Sequecial
0.03501, 0.03178, 0.03223, 0.03178, 0.03211, 0.03268, 0.03309, 0.03199, 0.03225, 0.03253, 0.03290, 0.03172, 0.03365, 0.03283, 0.03230, 0.03242, 0.03202, 0.03188, 0.03324, 0.03175, 0.03315, 0.03204, 0.03329, 0.03237, 0.03572, 0.03501, 0.03391, 0.03263, 0.03208, 0.03177, 