
-Sem O3

Paralelo
0.02107, 0.02584, 0.02226, 0.02215, 0.02698, 0.02613, 0.02740, 0.02773, 0.02585, 0.01883, 0.02244, 0.02834, 0.02675, 0.02700, 0.02536, 0.02069, 0.02566, 0.02295, 0.02716, 0.02362, 0.01918, 0.02058, 0.02379, 0.02799, 0.02068, 0.03061, 0.01989, 0.02601, 0.02066, 0.02234,

Sequecial
 0.03691, 0.03486, 0.03520, 0.03490, 0.03494, 0.03599, 0.03760, 0.03576, 0.03596, 0.03683, 0.03701, 0.03675, 0.03607, 0.03609, 0.03593, 0.03886, 0.03692, 0.03723, 0.03617, 0.03578, 0.03620, 0.03621, 0.03630, 0.03627, 0.03628, 0.03596, 0.03644, 0.03579, 0.03645, 0.03483, 

 -Com O3

Paralelo
0.00430, 0.00482, 0.00401, 0.00484, 0.00478, 0.00457, 0.00487, 0.00449, 0.00507, 0.00495, 0.00384, 0.00566, 0.00517, 0.00526, 0.00635, 0.00427, 0.00431, 0.00441, 0.00460, 0.00502, 0.00486, 0.00407, 0.00481, 0.00367, 0.00564, 0.00471, 0.00521, 0.00375, 0.00505, 0.00459, 

Sequecial
0.00542, 0.00514, 0.00473, 0.00470, 0.00473, 0.00468, 0.00469, 0.00465, 0.00481, 0.00470, 0.00468, 0.00470, 0.00464, 0.00465, 0.00480, 0.00463, 0.00514, 0.00490, 0.00466, 0.00467, 0.00470, 0.00464, 0.00482, 0.00470, 0.00464, 0.00512, 0.00469, 0.00466, 0.00468, 0.00474, 