
-Sem O3

Paralelo
0.49273, 0.59596, 0.67237, 0.67025, 0.67162, 0.68209, 0.67240, 0.63178, 0.48215, 0.49651, 0.48619, 0.48220, 0.46795, 0.47970, 0.48639, 0.67049, 0.67419, 0.66512, 0.67179, 0.69993, 0.51909, 0.47753, 0.49018, 0.65972, 0.48591, 0.66102, 0.67843, 0.66889, 0.48828, 0.58491, 

Sequecial
0.91869, 0.90258, 0.88614, 0.89661, 0.90084, 0.91368, 0.90006, 0.89073, 0.89807, 0.90281, 0.91936, 0.91874, 0.91062, 0.91337, 0.91498, 0.89520, 0.92493, 0.89904, 0.90755, 0.93992, 0.95318, 0.90259, 0.90983, 0.90510, 0.90837, 0.90688, 0.92062, 0.93104, 0.93470, 0.89920, 

-Com O3

Paralelo
0.06253, 0.06627, 0.06130, 0.06281, 0.06392, 0.06130, 0.06708, 0.06136, 0.06360, 0.06738, 0.06417, 0.06117, 0.06091, 0.06329, 0.06679, 0.06355, 0.06378, 0.06202, 0.06326, 0.06246, 0.06258, 0.06258, 0.06895, 0.06799, 0.06743, 0.06183, 0.07877, 0.06734, 0.07665, 0.06515, 

Sequecial
0.09661, 0.10280, 0.10276, 0.10832, 0.10336, 0.10081, 0.09563, 0.09505, 0.10461, 0.09561, 0.09616, 0.09663, 0.09570, 0.12266, 0.11089, 0.09994, 0.10025, 0.11298, 0.10730, 0.10317, 0.09580, 0.09598, 0.09706, 0.09968, 0.09721, 0.10146, 0.09668, 0.09805, 0.09605, 0.09948, 