
-Sem O3

Paralelo
7.00885, 6.89444, 7.51435, 7.08515, 7.21590, 7.23333, 7.01322, 6.87275, 7.40323, 6.59604, 7.06703, 6.56117, 6.58585, 6.59345, 6.60547, 6.59819, 6.55838, 6.68989, 6.61753, 6.92490, 6.54960, 6.84036, 7.26638, 7.40412, 6.60093, 6.56831, 6.58275, 6.77172, 7.07433, 7.29773, 

Sequecial
11.66923, 11.60940, 11.34314, 11.44027, 11.48327, 11.42132, 11.49388, 11.53441, 11.37063, 11.39835, 11.49457, 11.48029, 11.48237, 11.49861, 11.49850, 11.85226, 11.95862, 11.76114, 11.92790, 12.17725, 11.90863, 11.56816, 11.29969, 11.47075, 11.19224, 11.36344, 12.00948, 11.89386, 


-Com O3

Paralelo 
1.90088, 1.87069, 1.85480, 1.85389, 1.69232, 1.94572, 1.71187, 2.10462, 2.04348, 1.95851, 2.07231, 2.06185, 2.03085, 1.77807, 1.95500, 2.23441, 2.00312, 1.82906, 2.28935, 2.13590, 1.85414, 1.81147, 1.95648, 1.76093, 1.97304, 1.74269, 1.94997, 2.23415, 1.83438, 1.95638, 

Sequecial
1.15366, 1.20964, 1.18600, 1.19292, 1.18897, 1.19279, 1.18716, 1.21456, 1.25502, 1.17390, 1.17080, 1.41349, 1.30034, 1.17507, 1.46450, 1.45653, 1.39554, 1.37254, 1.17030, 1.33085, 1.18642, 1.18132, 1.17776, 1.20698, 1.17866, 1.18939, 1.20659, 1.20844, 1.21052, 1.22208, 