
-Sem o3

T = 1
0.59057, 0.57844, 0.57450, 0.59393, 0.57647, 0.58888, 0.60104, 0.61088, 0.58282, 0.60361, 0.58842, 0.60633, 0.55520, 0.58457, 0.65925, 0.59199, 0.58196, 0.59275, 0.59000, 0.59501, 0.57015, 0.58467, 0.76690, 0.77163, 0.58813, 0.72836, 0.75321, 0.61709, 0.63975, 0.56382, 

T = 2
0.33794, 0.34114, 0.38548, 0.34286, 0.44015, 0.39951, 0.34142, 0.59581, 0.52460, 0.36546, 0.40999, 0.36661, 0.41764, 0.34925, 0.34406, 0.34110, 0.43304, 0.39722, 0.41934, 0.40112, 0.36666, 0.35187, 0.36585, 0.38859, 0.39509, 0.43681, 0.35896, 0.41764, 0.53159, 0.40514, 

T = 3
0.34084, 0.37471, 0.39389, 0.34626, 0.36040, 0.34775, 0.33007, 0.40388, 0.33319, 0.33546, 0.33879, 0.36888, 0.36645, 0.33643, 0.36591, 0.39368, 0.35576, 0.40437, 0.34224, 0.35831, 0.35303, 0.33177, 0.36303, 0.34349, 0.36755, 0.34863, 0.39329, 0.37303, 0.39026, 0.33447, 

T = 4
0.34681, 0.33554, 0.33328, 0.33978, 0.34703, 0.33477, 0.33704, 0.34319, 0.32992, 0.32644, 0.34299, 0.33202, 0.33664, 0.32755, 0.34532, 0.33972, 0.32618, 0.33607, 0.34623, 0.35859, 0.41206, 0.40838, 0.32730, 0.36541, 0.39045, 0.38932, 0.34567, 0.37745, 0.33977, 0.34329, 

T = 5
0.33945, 0.35335, 0.32864, 0.33782, 0.35049, 0.34942, 0.32948, 0.37044, 0.34996, 0.33227, 0.36904, 0.33665, 0.34615, 0.33896, 0.34359, 0.33755, 0.33569, 0.38421, 0.33736, 0.36289, 0.34597, 0.32431, 0.37873, 0.38206, 0.35086, 0.33475, 0.35566, 0.35474, 0.36183, 0.33318, 

T = 7
0.36203, 0.34895, 0.34100, 0.34730, 0.35759, 0.35427, 0.34717, 0.36082, 0.35858, 0.35097, 0.34013, 0.35106, 0.34739, 0.36839, 0.33374, 0.36062, 0.37089, 0.36769, 0.36757, 0.35038, 0.41881, 0.34022, 0.34506, 0.35554, 0.36304, 0.34452, 0.34547, 0.41018, 0.34879, 0.34531, 

T = 8
0.35447, 0.37639, 0.35474, 0.37272, 0.35065, 0.35584, 0.35017, 0.36570, 0.36808, 0.35319, 0.37430, 0.35850, 0.36187, 0.35763, 0.35011, 0.35878, 0.34986, 0.36726, 0.35842, 0.35441, 0.36307, 0.36103, 0.32677, 0.35523, 0.35963, 0.34707, 0.35326, 0.35342, 0.35310, 0.35061, 

-Com o3

T = 1
0.20272, 0.19774, 0.19119, 0.19551, 0.22616, 0.18636, 0.20510, 0.21883, 0.20564, 0.19235, 0.18521, 0.18121, 0.18302, 0.23956, 0.24638, 0.21942, 0.22472, 0.19062, 0.22105, 0.18650, 0.18633, 0.18543, 0.19252, 0.20737, 0.19584, 0.19692, 0.18255, 0.18861, 0.18405, 0.18863, 

T = 2
0.14376, 0.13503, 0.13109, 0.13482, 0.13135, 0.13057, 0.13301, 0.13496, 0.14073, 0.14266, 0.18775, 0.18449, 0.13548, 0.17668, 0.16177, 0.15908, 0.15502, 0.14347, 0.16915, 0.11904, 0.16074, 0.14781, 0.14232, 0.17191, 0.14288, 0.16712, 0.14849, 0.12611, 0.17598, 0.14463, 

T = 3
0.13297, 0.13477, 0.12935, 0.13051, 0.13271, 0.13568, 0.14199, 0.14231, 0.12479, 0.13715, 0.14262, 0.14256, 0.14523, 0.12954, 0.12624, 0.13172, 0.13215, 0.13689, 0.14013, 0.12593, 0.13520, 0.13629, 0.15238, 0.15017, 0.15205, 0.13883, 0.12776, 0.14146, 0.12996, 0.13973, 

T = 4
0.12025, 0.13167, 0.13204, 0.13438, 0.12908, 0.15515, 0.12931, 0.12368, 0.13606, 0.13507, 0.12733, 0.12662, 0.12972, 0.12877, 0.14166, 0.12794, 0.14271, 0.13512, 0.12670, 0.11565, 0.12304, 0.11971, 0.13453, 0.12965, 0.12677, 0.12969, 0.12701, 0.12540, 0.12795, 0.12726, 

T = 5
0.15613, 0.16209, 0.15360, 0.13167, 0.13568, 0.13201, 0.13860, 0.12481, 0.13098, 0.14163, 0.13430, 0.12594, 0.13555, 0.12269, 0.13203, 0.13300, 0.12624, 0.15154, 0.13238, 0.12967, 0.12403, 0.12951, 0.12191, 0.12974, 0.12565, 0.13756, 0.13745, 0.13222, 0.12467, 0.15058, 

T = 7
0.17285, 0.17942, 0.15483, 0.12802, 0.12888, 0.12800, 0.12913, 0.12773, 0.12518, 0.13355, 0.12645, 0.11796, 0.12452, 0.14546, 0.16217, 0.12268, 0.12943, 0.12943, 0.12475, 0.12804, 0.12748, 0.11575, 0.11970, 0.12629, 0.12020, 0.13028, 0.13109, 0.12283, 0.12660, 0.11889, 

T = 8
0.12523, 0.12045, 0.12926, 0.12545, 0.13212, 0.12108, 0.13437, 0.12434, 0.12133, 0.12761, 0.12287, 0.12404, 0.12891, 0.12420, 0.12244, 0.12489, 0.12919, 0.11963, 0.12672, 0.12429, 0.12069, 0.12740, 0.12019, 0.12882, 0.12810, 0.12355, 0.12798, 0.12213, 0.11975, 0.11751, 

