
-Sem o3

T = 1
1.76839, 1.66641, 1.62099, 1.76153, 1.55208, 1.72368, 2.04060, 2.01114, 1.63997, 1.68824, 1.68308, 1.66559, 1.70248, 1.68851, 1.61926, 1.64577, 1.62043, 1.60366, 1.62710, 1.57790, 1.71653, 1.61903, 1.61541, 1.62370, 1.66421, 1.59476, 1.64159, 1.65744, 1.63367, 1.57426, 

T = 2
0.94293, 1.21978, 1.22866, 1.17969, 1.07414, 0.97184, 0.88469, 1.12960, 1.01114, 1.14033, 0.86454, 1.24842, 1.04290, 0.89000, 1.11137, 0.89011, 0.89050, 0.91647, 0.92684, 0.97679, 0.98421, 1.66576, 1.14470, 1.06309, 1.28257, 1.19965, 0.95400, 1.08458, 1.08096, 0.88500, 

T = 3
1.37130, 1.62721, 1.15224, 1.34494, 1.54658, 1.16648, 1.31537, 1.08121, 1.51314, 1.65305, 1.36616, 1.48223, 1.36924, 1.27989, 1.49345, 1.27300, 1.47602, 1.38056, 1.23854, 1.47515, 1.51611, 1.16773, 1.13422, 1.41492, 1.37538, 1.16967, 1.20220, 1.31264, 1.39485, 1.21220, 

T = 4
1.48492, 1.52574, 1.59642, 1.56679, 1.48148, 1.57216, 1.54530, 1.45386, 1.44403, 1.46600, 1.48326, 1.51246, 1.61562, 1.45939, 1.47061, 1.45648, 1.45988, 1.48623, 1.53190, 1.46829, 1.45962, 1.48052, 1.46928, 1.51898, 1.54026, 1.47905, 1.44442, 1.51227, 1.46595, 1.45001, 

T = 5
1.45923, 1.45200, 1.48139, 1.49516, 1.54198, 1.44044, 1.44890, 1.47466, 1.47529, 1.46914, 1.42230, 1.45063, 1.46016, 1.52800, 1.51177, 1.47141, 1.49271, 1.44892, 1.45411, 1.40862, 1.46540, 1.41351, 1.45574, 1.46945, 1.44172, 1.50471, 1.51147, 1.46858, 1.40200, 1.46078, 

T = 7
1.43386, 1.49019, 1.57017, 1.45683, 1.47472, 1.66022, 1.55149, 1.47492, 1.49572, 1.56837, 1.46607, 1.53183, 1.58792, 1.58980, 1.69343, 1.63687, 1.60621, 1.52481, 1.46985, 1.46009, 1.45002, 1.47339, 1.59112, 1.56866, 1.47847, 1.46917, 1.48847, 1.47019, 1.49450, 1.45633, 

T = 8
1.44816, 1.54741, 1.47321, 1.45482, 1.46365, 1.46759, 1.47647, 1.47469, 1.47081, 1.48757, 1.48489, 1.47527, 1.48191, 1.47938, 1.46392, 1.46122, 1.48567, 1.45455, 1.47285, 1.47020, 1.47137, 1.47682, 1.48636, 1.47887, 1.47866, 1.48329, 1.47194, 1.46078, 1.47442, 1.50341, 

-Com o3

T = 1
0.50599, 0.50035, 0.52189, 0.51072, 0.51334, 0.50071, 0.50008, 0.51779, 0.53589, 0.51226, 0.50308, 0.49437, 0.49853, 0.50738, 0.50648, 0.49873, 0.52744, 0.50535, 0.49778, 0.50103, 0.49422, 0.51209, 0.48149, 0.49989, 0.48332, 0.50816, 0.48555, 0.50458, 0.49289, 0.50065, 

T = 2
0.66858, 0.31715, 0.39466, 1.12253, 0.46445, 0.31349, 0.50880, 0.43569, 0.43146, 0.61019, 0.33181, 0.43612, 0.30131, 0.31741, 0.30959, 0.30199, 0.31076, 0.31091, 0.42805, 0.40978, 0.30444, 0.30846, 0.43219, 0.31252, 0.36527, 0.46540, 0.38631, 0.33409, 0.42519, 0.36247, 

T = 3
0.79209, 0.52725, 0.68368, 0.53664, 0.76215, 0.48141, 0.45380, 0.42373, 0.87318, 0.39987, 0.97654, 0.46952, 0.43125, 0.45433, 0.48342, 0.38436, 0.48596, 1.33286, 0.44590, 0.77621, 0.66081, 0.47690, 0.48092, 0.99313, 0.38355, 0.74878, 0.61675, 0.38655, 0.47809, 0.60796, 

T = 4
1.03025, 1.20466, 1.18609, 0.98738, 1.11099, 1.16011, 1.04222, 0.98957, 1.13286, 1.22094, 1.20952, 1.00256, 1.07001, 0.90513, 1.07107, 1.21500, 0.91594, 1.03868, 0.98632, 1.06875, 1.15672, 1.24906, 1.23310, 1.21399, 1.04765, 1.09311, 1.00262, 1.12706, 1.19080, 1.07535, 

T = 5
1.13150, 1.11821, 1.10504, 1.23529, 1.15559, 1.15701, 1.12030, 1.17770, 1.14988, 1.08139, 1.24016, 0.87912, 1.04312, 0.93523, 1.05619, 1.07930, 1.16606, 1.01478, 1.17515, 1.14672, 1.05466, 0.97332, 1.28628, 1.16322, 1.19011, 1.17151, 1.28145, 0.94233, 1.05316, 1.17483, 

T = 7
0.88757, 0.94167, 1.16338, 1.08701, 1.07444, 1.08975, 1.11872, 1.31959, 1.22270, 1.03496, 1.24664, 1.19713, 1.09974, 1.03923, 1.11999, 1.20301, 1.08260, 1.21385, 1.15281, 1.21600, 1.21387, 1.12558, 1.01247, 1.06148, 1.14370, 1.09396, 1.10923, 1.17402, 1.00829, 1.08274, 

T = 8
1.13763, 1.14641, 1.06084, 1.08024, 0.86554, 1.23601, 1.21981, 1.21542, 1.18525, 1.15623, 1.00918, 1.08067, 1.04188, 1.14495, 0.98650, 1.11770, 1.02818, 0.99532, 1.07922, 0.99062, 1.15959, 1.23108, 1.13891, 0.99994, 1.15413, 1.07329, 0.94924, 1.10728, 1.11268, 0.94372, 

