
-Sem o3

T = 1
0.00948, 0.00968, 0.01097, 0.00716, 0.00712, 0.00622, 0.00785, 0.00763, 0.00757, 0.00563, 0.00556, 0.00573, 0.00781, 0.01050, 0.00771, 0.00686, 0.01036, 0.00775, 0.00599, 0.00658, 0.00612, 0.00796, 0.00750, 0.00607, 0.00811, 0.00644, 0.00611, 0.00575, 0.00893, 0.00982, 

T = 2
0.00683, 0.00651, 0.00643, 0.00619, 0.00588, 0.00599, 0.00541, 0.00611, 0.00631, 0.00531, 0.00600, 0.00426, 0.00434, 0.00705, 0.00590, 0.00655, 0.00865, 0.00757, 0.00723, 0.00705, 0.00584, 0.00565, 0.00840, 0.00590, 0.00708, 0.00559, 0.00568, 0.00479, 0.00949, 0.00710, 

T = 3
0.00928, 0.00673, 0.00690, 0.00574, 0.00745, 0.00770, 0.00711, 0.00567, 0.00546, 0.00528, 0.00673, 0.00425, 0.00862, 0.00722, 0.00670, 0.00620, 0.00603, 0.00614, 0.00776, 0.00618, 0.00687, 0.00584, 0.00516, 0.00808, 0.00611, 0.00645, 0.00652, 0.00656, 0.00496, 0.00677, 

T = 4
0.00676, 0.00647, 0.00602, 0.00638, 0.00633, 0.00690, 0.00613, 0.00762, 0.00732, 0.00521, 0.00751, 0.00654, 0.00697, 0.00605, 0.00637, 0.00495, 0.00595, 0.00503, 0.00453, 0.00833, 0.00579, 0.00601, 0.00583, 0.00464, 0.00462, 0.00549, 0.00625, 0.00649, 0.01286, 0.00472, 

T = 5
0.00536, 0.00648, 0.00532, 0.00645, 0.00575, 0.00576, 0.00856, 0.00850, 0.00720, 0.00642, 0.00587, 0.00581, 0.00550, 0.00784, 0.00578, 0.00559, 0.00561, 0.00668, 0.00701, 0.00950, 0.00720, 0.00687, 0.00789, 0.00553, 0.00747, 0.00581, 0.00603, 0.00586, 0.00598, 0.00504, 

T = 7
0.00485, 0.00611, 0.00577, 0.00611, 0.00634, 0.00625, 0.00630, 0.00634, 0.00629, 0.00600, 0.00701, 0.00515, 0.00811, 0.00922, 0.00570, 0.00587, 0.00563, 0.00623, 0.00732, 0.00628, 0.00595, 0.00547, 0.00615, 0.01048, 0.00518, 0.00630, 0.00580, 0.00607, 0.00577, 0.00570, 

T = 8
0.00576, 0.00575, 0.00568, 0.00598, 0.00591, 0.00539, 0.00594, 0.00598, 0.00595, 0.00646, 0.00548, 0.00584, 0.00556, 0.00571, 0.00593, 0.00548, 0.00510, 0.00525, 0.00590, 0.00472, 0.00765, 0.00610, 0.00585, 0.00585, 0.00538, 0.00733, 0.00765, 0.00722, 0.00711, 0.00835, 

-Com o3

T = 1
0.00417, 0.00292, 0.00317, 0.00436, 0.00304, 0.00451, 0.00271, 0.00271, 0.00306, 0.00269, 0.00270, 0.00262, 0.00274, 0.00277, 0.00285, 0.00285, 0.00277, 0.00274, 0.00273, 0.00278, 0.00426, 0.00296, 0.00295, 0.00410, 0.00292, 0.00431, 0.00455, 0.00430, 0.00426, 0.00426, 

T = 2
0.00503, 0.00237, 0.00278, 0.00276, 0.00278, 0.00266, 0.00273, 0.00291, 0.00277, 0.00273, 0.00273, 0.00274, 0.00240, 0.00239, 0.00273, 0.00274, 0.00277, 0.00226, 0.00333, 0.00245, 0.00286, 0.00292, 0.00383, 0.00249, 0.00256, 0.00417, 0.00255, 0.00289, 0.00236, 0.00238, 

T = 3
0.00485, 0.00248, 0.00252, 0.00385, 0.00244, 0.00252, 0.00270, 0.00271, 0.00291, 0.00263, 0.00259, 0.00276, 0.00252, 0.00316, 0.00258, 0.00270, 0.00288, 0.00287, 0.00270, 0.00278, 0.00249, 0.00276, 0.00278, 0.00281, 0.00282, 0.00251, 0.00280, 0.00416, 0.00285, 0.00269, 

T = 4
0.00270, 0.00275, 0.00272, 0.00280, 0.00289, 0.00282, 0.00282, 0.00400, 0.00397, 0.00408, 0.00414, 0.00288, 0.00258, 0.00253, 0.00226, 0.00339, 0.00283, 0.00374, 0.00395, 0.00424, 0.00430, 0.00342, 0.00285, 0.00260, 0.00248, 0.00270, 0.00484, 0.00257, 0.00319, 0.00329, 

T = 5
0.00254, 0.00298, 0.00247, 0.00250, 0.00281, 0.00234, 0.00259, 0.00251, 0.00252, 0.00253, 0.00250, 0.00250, 0.00250, 0.00251, 0.00253, 0.00247, 0.00288, 0.00305, 0.00255, 0.00250, 0.00262, 0.00253, 0.00251, 0.00268, 0.00264, 0.00402, 0.00459, 0.00436, 0.00280, 0.00363, 

T = 7
0.00286, 0.00270, 0.00256, 0.00280, 0.00272, 0.00271, 0.00411, 0.00268, 0.00268, 0.00271, 0.00362, 0.00276, 0.00280, 0.00273, 0.00296, 0.00278, 0.00423, 0.00311, 0.00255, 0.00261, 0.00265, 0.00243, 0.00308, 0.00258, 0.00264, 0.00276, 0.00295, 0.00286, 0.00282, 0.00262, 

T = 8
0.00263, 0.00288, 0.00284, 0.00301, 0.00271, 0.00269, 0.00275, 0.00289, 0.00276, 0.00302, 0.00280, 0.00279, 0.00281, 0.00309, 0.00263, 0.00307, 0.00276, 0.00251, 0.00400, 0.00296, 0.00406, 0.00299, 0.00298, 0.00293, 0.00265, 0.00267, 0.00274, 0.00250, 0.00252, 0.00273, 

