
-Sem o3

T = 1
0.04269, 0.04062, 0.03903, 0.04708, 0.03852, 0.03637, 0.03745, 0.03763, 0.04339, 0.03887, 0.04031, 0.03833, 0.03975, 0.04489, 0.04152, 0.04444, 0.03843, 0.04344, 0.03846, 0.04635, 0.04179, 0.04113, 0.04008, 0.04032, 0.04098, 0.03963, 0.03923, 0.04517, 0.04135, 0.03911, 

T = 2
0.02605, 0.03076, 0.02358, 0.03732, 0.03620, 0.02562, 0.02381, 0.02591, 0.02599, 0.02672, 0.02827, 0.02503, 0.03149, 0.02711, 0.03206, 0.04322, 0.02849, 0.03842, 0.03981, 0.03875, 0.03168, 0.04007, 0.03966, 0.04408, 0.04533, 0.03862, 0.03275, 0.03095, 0.02647, 0.03096, 

T = 3
0.03235, 0.03321, 0.03091, 0.03156, 0.03273, 0.04009, 0.03537, 0.02975, 0.02896, 0.03206, 0.03357, 0.03253, 0.02897, 0.03211, 0.02920, 0.02934, 0.03033, 0.02924, 0.03057, 0.03171, 0.03014, 0.02821, 0.02833, 0.02908, 0.02836, 0.02868, 0.03252, 0.02987, 0.02703, 0.03002, 

T = 4
0.02928, 0.04124, 0.03748, 0.04248, 0.03596, 0.03499, 0.03577, 0.03108, 0.03282, 0.03127, 0.02746, 0.02639, 0.02605, 0.03381, 0.02523, 0.02937, 0.02530, 0.02625, 0.02725, 0.02826, 0.02754, 0.03034, 0.02784, 0.02848, 0.02809, 0.02525, 0.03018, 0.03039, 0.02556, 0.02506, 

T = 5
0.03100, 0.02671, 0.02961, 0.02866, 0.02716, 0.02689, 0.02367, 0.02702, 0.02632, 0.03046, 0.02731, 0.03148, 0.02639, 0.02521, 0.02635, 0.02551, 0.02344, 0.02787, 0.02725, 0.02440, 0.02487, 0.02814, 0.02678, 0.03071, 0.03009, 0.02704, 0.02700, 0.02843, 0.02749, 0.02830, 

T = 7
0.03139, 0.03396, 0.02999, 0.02734, 0.03027, 0.02656, 0.02746, 0.02573, 0.02626, 0.02568, 0.03009, 0.02611, 0.02649, 0.03052, 0.02612, 0.02525, 0.02602, 0.02795, 0.02706, 0.02655, 0.02536, 0.02662, 0.02628, 0.03250, 0.02657, 0.02670, 0.02604, 0.03005, 0.03044, 0.02778, 

T = 8
0.03250, 0.02524, 0.02667, 0.03054, 0.02828, 0.03096, 0.02847, 0.02925, 0.02609, 0.02723, 0.02672, 0.02784, 0.02921, 0.03000, 0.03331, 0.02834, 0.02866, 0.02671, 0.02859, 0.02486, 0.02866, 0.02492, 0.02812, 0.02560, 0.02560, 0.02650, 0.02602, 0.02745, 0.02411, 0.02778, 

-Com o3

T = 1
0.01499, 0.01672, 0.01857, 0.01435, 0.01432, 0.01436, 0.01419, 0.01474, 0.01864, 0.01390, 0.01431, 0.01409, 0.01430, 0.01425, 0.01389, 0.01417, 0.01461, 0.01439, 0.01404, 0.01386, 0.01581, 0.01505, 0.02021, 0.01423, 0.01430, 0.01394, 0.01434, 0.01533, 0.01472, 0.01433, 

T = 2
0.01399, 0.01390, 0.01341, 0.01519, 0.01568, 0.01644, 0.01368, 0.01399, 0.01398, 0.01348, 0.01411, 0.01384, 0.01162, 0.01536, 0.01391, 0.01219, 0.01299, 0.01481, 0.01838, 0.01319, 0.01624, 0.01640, 0.01094, 0.01377, 0.01489, 0.01491, 0.01341, 0.01439, 0.01095, 0.01413, 

T = 3
0.01275, 0.01338, 0.01180, 0.01175, 0.01234, 0.01234, 0.01158, 0.01176, 0.01267, 0.01268, 0.01182, 0.01266, 0.01436, 0.01873, 0.01200, 0.01331, 0.01166, 0.01515, 0.01193, 0.01314, 0.01179, 0.01175, 0.01161, 0.01170, 0.01325, 0.01155, 0.01336, 0.01257, 0.01267, 0.01166, 

T = 4
0.01089, 0.01231, 0.01220, 0.01445, 0.01991, 0.01677, 0.01827, 0.02162, 0.01380, 0.01733, 0.01855, 0.02364, 0.02027, 0.01883, 0.01320, 0.01830, 0.01672, 0.01513, 0.01945, 0.01100, 0.01328, 0.01409, 0.01319, 0.01150, 0.01355, 0.01316, 0.01193, 0.01247, 0.01477, 0.01625, 

T = 5
0.01246, 0.01189, 0.01302, 0.01353, 0.01227, 0.01208, 0.01231, 0.01303, 0.01320, 0.01404, 0.01353, 0.01332, 0.01247, 0.01437, 0.01310, 0.01412, 0.01269, 0.01196, 0.01221, 0.01321, 0.01302, 0.01255, 0.01388, 0.01248, 0.01256, 0.01203, 0.01172, 0.01313, 0.01298, 0.01192, 

T = 7
0.01438, 0.01249, 0.01184, 0.01195, 0.01201, 0.01775, 0.01395, 0.01189, 0.01417, 0.01502, 0.01494, 0.01162, 0.01376, 0.01142, 0.01462, 0.01501, 0.01131, 0.01190, 0.01526, 0.01345, 0.01490, 0.01218, 0.01328, 0.01330, 0.01325, 0.01198, 0.01324, 0.01290, 0.01546, 0.01569, 

T = 8
0.01678, 0.02422, 0.01726, 0.01727, 0.01485, 0.01565, 0.01836, 0.01690, 0.02016, 0.01639, 0.01545, 0.01564, 0.01274, 0.01447, 0.01469, 0.02272, 0.01402, 0.01127, 0.01144, 0.01367, 0.01207, 0.01735, 0.01431, 0.01072, 0.01066, 0.01137, 0.01075, 0.01074, 0.01286, 0.01300, 

