
-Sem o3

T = 1
0.13075, 0.12260, 0.13592, 0.11991, 0.12419, 0.12264, 0.11970, 0.12261, 0.11833, 0.12305, 0.12176, 0.11934, 0.13121, 0.12062, 0.12320, 0.12949, 0.11823, 0.12258, 0.11972, 0.12605, 0.11662, 0.12125, 0.12524, 0.11762, 0.12579, 0.12422, 0.11954, 0.13226, 0.11840, 0.13068, 

T = 2
0.08603, 0.08341, 0.08072, 0.10777, 0.07297, 0.09593, 0.11536, 0.07143, 0.11070, 0.08772, 0.11367, 0.12004, 0.07772, 0.08305, 0.11347, 0.08926, 0.11566, 0.11366, 0.07359, 0.09085, 0.07139, 0.11181, 0.07365, 0.11512, 0.07606, 0.09025, 0.11587, 0.11843, 0.10284, 0.08482, 

T = 3
0.08972, 0.08043, 0.08239, 0.07846, 0.07538, 0.07057, 0.09237, 0.09046, 0.08446, 0.08151, 0.08823, 0.07926, 0.07520, 0.08130, 0.08690, 0.09009, 0.08152, 0.08825, 0.08191, 0.08270, 0.08087, 0.09137, 0.08067, 0.08300, 0.07987, 0.08631, 0.07998, 0.08325, 0.08049, 0.07912, 

T = 4
0.07517, 0.07578, 0.07451, 0.07338, 0.07135, 0.07260, 0.07536, 0.07942, 0.07434, 0.07590, 0.07841, 0.07339, 0.07921, 0.07792, 0.08213, 0.07660, 0.07161, 0.07254, 0.07290, 0.07670, 0.07602, 0.08234, 0.07456, 0.07476, 0.07978, 0.07608, 0.07711, 0.08244, 0.07535, 0.07448, 

T = 5
0.08335, 0.07547, 0.07349, 0.07659, 0.07795, 0.07856, 0.08424, 0.07577, 0.07557, 0.08179, 0.07828, 0.07399, 0.08567, 0.08324, 0.07616, 0.08481, 0.07950, 0.08125, 0.08218, 0.08054, 0.07642, 0.08935, 0.08855, 0.08315, 0.08342, 0.07491, 0.07331, 0.08099, 0.07777, 0.08318, 

T = 7
0.07757, 0.07199, 0.07436, 0.07515, 0.08235, 0.07666, 0.07773, 0.07650, 0.07278, 0.07857, 0.08030, 0.07802, 0.07512, 0.07883, 0.07944, 0.07442, 0.07836, 0.07369, 0.08037, 0.07569, 0.07665, 0.08106, 0.07525, 0.08283, 0.07644, 0.08431, 0.07912, 0.08169, 0.07639, 0.08448, 

T = 8
0.08025, 0.07245, 0.07264, 0.07456, 0.07275, 0.08009, 0.07557, 0.07913, 0.07770, 0.07582, 0.07422, 0.07242, 0.08905, 0.07930, 0.07916, 0.07596, 0.07795, 0.07195, 0.07595, 0.07272, 0.07221, 0.08145, 0.07880, 0.07606, 0.08893, 0.07446, 0.07637, 0.07429, 0.07528, 0.07898, 

-Com o3

T = 1
0.04810, 0.04858, 0.03879, 0.04525, 0.03899, 0.04792, 0.04057, 0.04318, 0.04148, 0.04186, 0.04568, 0.04174, 0.04613, 0.05626, 0.05580, 0.04123, 0.04534, 0.04068, 0.04185, 0.04496, 0.05200, 0.04144, 0.04330, 0.04092, 0.04043, 0.03894, 0.04444, 0.06474, 0.04602, 0.04390, 

T = 2
0.03873, 0.03996, 0.03811, 0.04317, 0.03945, 0.03951, 0.06310, 0.06469, 0.03796, 0.03962, 0.03955, 0.04170, 0.03603, 0.03570, 0.04174, 0.04177, 0.03395, 0.04342, 0.03843, 0.03168, 0.03872, 0.04161, 0.02959, 0.04386, 0.03927, 0.03580, 0.03222, 0.03357, 0.03148, 0.03332, 

T = 3
0.03217, 0.03690, 0.03526, 0.03533, 0.03283, 0.03659, 0.03417, 0.03482, 0.03145, 0.03345, 0.03435, 0.03512, 0.04155, 0.03863, 0.03435, 0.03538, 0.03309, 0.03287, 0.03342, 0.05985, 0.03533, 0.03590, 0.03710, 0.03506, 0.03254, 0.04242, 0.03278, 0.03355, 0.03708, 0.03630, 

T = 4
0.04374, 0.03183, 0.03026, 0.03104, 0.02987, 0.03713, 0.04035, 0.03634, 0.03137, 0.03049, 0.03226, 0.02927, 0.03565, 0.03168, 0.02910, 0.02935, 0.03584, 0.05065, 0.05848, 0.06260, 0.05034, 0.03272, 0.03855, 0.03175, 0.03051, 0.03398, 0.03213, 0.03050, 0.03446, 0.03475, 

T = 5
0.03209, 0.03033, 0.03331, 0.03177, 0.03243, 0.03017, 0.03659, 0.04462, 0.04368, 0.03534, 0.03599, 0.03516, 0.03816, 0.03271, 0.03142, 0.03238, 0.03462, 0.03200, 0.03078, 0.03199, 0.03484, 0.03207, 0.03770, 0.03238, 0.03235, 0.03348, 0.03238, 0.03277, 0.03711, 0.03192, 

T = 7
0.03296, 0.02954, 0.03205, 0.03131, 0.03272, 0.03320, 0.03001, 0.03433, 0.03041, 0.03510, 0.03322, 0.03144, 0.03235, 0.02988, 0.03543, 0.03178, 0.03016, 0.03014, 0.03241, 0.03371, 0.03304, 0.03243, 0.03206, 0.03074, 0.03526, 0.03643, 0.03175, 0.03264, 0.03196, 0.03133, 

T = 8
0.03351, 0.03151, 0.03034, 0.03286, 0.03115, 0.03066, 0.03428, 0.03281, 0.03219, 0.03076, 0.03186, 0.03164, 0.03259, 0.03455, 0.03383, 0.03167, 0.03113, 0.03136, 0.03312, 0.03028, 0.03255, 0.03374, 0.03207, 0.03419, 0.03834, 0.03047, 0.03493, 0.03623, 0.05112, 0.03751, 

