0.00077, 0.00121, 0.00057, 0.00054, 0.00061, 0.00057, 0.00092, 0.00060, 0.00061, 0.00054, 0.00057, 0.00058, 0.00054, 0.00061, 0.00073, 0.00075, 0.00117, 0.00059, 0.00057, 0.00057, 0.00057, 0.00055, 0.00060, 0.00067, 0.00063, 0.00202, 0.00059, 0.00057, 0.00054, 0.00054, 

Original:
0.00305, 0.00188, 0.00266, 0.00135, 0.00130, 0.00198, 0.00166, 0.00116, 0.00106, 0.00110, 0.00103, 0.00095, 0.00102, 0.00093, 0.00095, 0.00093, 0.00091, 0.00093, 0.00092, 0.00088, 0.00070, 0.00062, 0.00060, 0.00084, 0.00064, 0.00098, 0.00073, 0.00078, 0.00059, 0.00054, 

versão 1:
0.00161, 0.00213, 0.00167, 0.00093, 0.00097, 0.00085, 0.00085, 0.00085, 0.00082, 0.00112, 0.00074, 0.00062, 0.00075, 0.00129, 0.00059, 0.00057, 0.00052, 0.00056, 0.00131, 0.00076, 0.00061, 0.00060, 0.00061, 0.00052, 0.00054, 0.00058, 0.00058, 0.00073, 0.00058, 0.00101, 

versao2:
0.00043, 0.00052, 0.00065, 0.00053, 0.00045, 0.00045, 0.00048, 0.00048, 0.00048, 0.00076, 0.00055, 0.00060, 0.00069, 0.00055, 0.00066, 0.00054, 0.00041, 0.00064, 0.00065, 0.00051, 0.00059, 0.00057, 0.00049, 0.00043, 0.00048, 0.00047, 0.00048, 0.00080, 0.00080, 0.00066,

versao3:
0.00052, 0.00052, 0.00056, 0.00047, 0.00041, 0.00037, 0.00037, 0.00067, 0.00062, 0.00042, 0.00039, 0.00048, 0.00041, 0.00037, 0.00041, 0.00041, 0.00055, 0.00044, 0.00041, 0.00063, 0.00059, 0.00042, 0.00044, 0.00037, 0.00040, 0.00040, 0.00041, 0.00037, 0.00049, 0.00041,

versao4:
 0.00112, 0.00149, 0.00102, 0.00110, 0.00096, 0.00110, 0.00171, 0.00181, 0.00111, 0.00126, 0.00132, 0.00124, 0.00147, 0.00111, 0.00236, 0.00119, 0.00096, 0.00100, 0.00097, 0.00135, 0.00108, 0.00168, 0.00127, 0.00097, 0.00097, 0.00110, 0.00177, 0.00165, 0.00115, 0.00108, 

 