0.13568, 0.11456, 0.12097, 0.09714, 0.09688, 0.11859, 0.09682, 0.12248, 0.11512, 0.12237, 0.10223, 0.12013, 0.11770, 0.10085, 0.11881, 0.12525, 0.11885, 0.12016, 0.09639, 0.09738, 0.12820, 0.10906, 0.13008, 0.12544, 0.10872, 0.09467, 0.11560, 0.12041, 0.10487, 0.13984, 

Original:
0.12422, 0.11759, 0.10255, 0.11727, 0.12471, 0.11147, 0.11954, 0.11529, 0.10189, 0.12113, 0.12748, 0.11802, 0.11963, 0.11773, 0.13146, 0.12990, 0.12410, 0.11540, 0.12966, 0.12835, 0.12117, 0.10058, 0.10668, 0.12280, 0.12653, 0.12415, 0.12234, 0.15738, 0.11302, 0.11533,

Versao1: 
0.12046, 0.10845, 0.11929, 0.10622, 0.11309, 0.11036, 0.11168, 0.11214, 0.11468, 0.11466, 0.12598, 0.10906, 0.11619, 0.10758, 0.11366, 0.11192, 0.11490, 0.10507, 0.11993, 0.11713, 0.11170, 0.11186, 0.11826, 0.10761, 0.11655, 0.11485, 0.11713, 0.10831, 0.11611, 0.12412, 

Versao2:
0.06674, 0.05921, 0.06093, 0.05841, 0.06458, 0.05784, 0.05837, 0.06017, 0.06424, 0.05768, 0.05752, 0.05791, 0.06435, 0.05863, 0.05814, 0.05820, 0.06398, 0.05698, 0.05690, 0.05708, 0.06498, 0.05781, 0.05743, 0.05851, 0.06683, 0.05869, 0.05843, 0.05883, 0.06387, 0.05681, 

Versao4:
0.05434, 0.05608, 0.06016, 0.05466, 0.05465, 0.05575, 0.05881, 0.05452, 0.05749, 0.05693, 0.05976, 0.05559, 0.05417, 0.05519, 0.06133, 0.05463, 0.05680, 0.05528, 0.06411, 0.05671, 0.05518, 0.05475, 0.05898, 0.05559, 0.05397, 0.05472, 0.05985, 0.05416, 0.05494, 0.05430,

Versao3:
0.22161, 0.21542, 0.21610, 0.21428, 0.22355, 0.21875, 0.21814, 0.20907, 0.21649, 0.21401, 0.20540, 0.20760, 0.21996, 0.21075, 0.21462, 0.21724, 0.20907, 0.21433, 0.21015, 0.20776, 0.22157, 0.20612, 0.21199, 0.22686, 0.21537, 0.21721, 0.21222, 0.22039, 0.21015, 0.21502, 

 