0.03140, 0.02981, 0.02997, 0.02891, 0.02993, 0.02573, 0.02851, 0.02839, 0.02885, 0.02903, 0.02673, 0.02874, 0.02730, 0.03097, 0.02891, 0.03016, 0.03083, 0.03074, 0.02748, 0.02593, 0.02825, 0.02648, 0.03027, 0.02858, 0.02748, 0.02690, 0.02720, 0.03129, 0.02576, 0.03032, 

Original:
0.03034, 0.02927, 0.03128, 0.02982, 0.03052, 0.02918, 0.02788, 0.02616, 0.03181, 0.02667, 0.02652, 0.02681, 0.02893, 0.02948, 0.03001, 0.03007, 0.03117, 0.02935, 0.03095, 0.03030, 0.02648, 0.02746, 0.02610, 0.03069, 0.02918, 0.03022, 0.03246, 0.03201, 0.03056, 0.03177, 

Versao1:
0.02492, 0.02894, 0.02228, 0.02418, 0.02809, 0.03128, 0.02817, 0.02584, 0.02651, 0.02586, 0.02735, 0.03074, 0.02515, 0.02461, 0.02468, 0.02821, 0.02999, 0.03108, 0.02656, 0.02420, 0.02805, 0.02892, 0.03033, 0.02685, 0.03185, 0.02457, 0.02738, 0.02054, 0.02665, 0.02832, 

Versao2:
0.01677, 0.01539, 0.01618, 0.01658, 0.01640, 0.01636, 0.01833, 0.01736, 0.01945, 0.01651, 0.01686, 0.01615, 0.01638, 0.01614, 0.01665, 0.01757, 0.01690, 0.01609, 0.01724, 0.01671, 0.01802, 0.01608, 0.01673, 0.01701, 0.01606, 0.01778, 0.01822, 0.01648, 0.01617, 0.01902, 

Versao3:
0.01528, 0.01432, 0.01348, 0.01544, 0.01356, 0.01302, 0.01369, 0.01279, 0.01063, 0.01069, 0.01171, 0.01125, 0.01187, 0.01488, 0.01484, 0.01511, 0.01463, 0.01446, 0.01433, 0.01435, 0.01390, 0.01451, 0.01408, 0.01287, 0.01061, 0.01048, 0.01403, 0.01559, 0.01509, 0.01115, 

Versao4:
0.05237, 0.05016, 0.05522, 0.05151, 0.05239, 0.05044, 0.04922, 0.05067, 0.05038, 0.05134, 0.05078, 0.05343, 0.05139, 0.05185, 0.05331, 0.05053, 0.05205, 0.04879, 0.05418, 0.05317, 0.05151, 0.05127, 0.05771, 0.04999, 0.05210, 0.05173, 0.05571, 0.05289, 0.05197, 0.05181,

