0.00739, 0.00482, 0.00553, 0.00500, 0.00503, 0.00734, 0.00486, 0.00677, 0.00468, 0.00551, 0.00541, 0.00485, 0.00611, 0.00489, 0.00558, 0.00545, 0.00515, 0.00590, 0.00471, 0.00615, 0.00566, 0.00722, 0.00510, 0.00873, 0.00502, 0.00867, 0.00850, 0.00509, 0.00512, 0.00527, 

Original:
0.00706, 0.00566, 0.00686, 0.00593, 0.00821, 0.00469, 0.00707, 0.00483, 0.00613, 0.00513, 0.00708, 0.00505, 0.00731, 0.00484, 0.00687, 0.00598, 0.00828, 0.00514, 0.00743, 0.00473, 0.00816, 0.00469, 0.00723, 0.00481, 0.00740, 0.00484, 0.00725, 0.00474, 0.00822, 0.00641,

Versao1:
0.00554, 0.00794, 0.00459, 0.00712, 0.00441, 0.00444, 0.00602, 0.00489, 0.00685, 0.00454, 0.00519, 0.00541, 0.00508, 0.00682, 0.00450, 0.00769, 0.00444, 0.00596, 0.00714, 0.00859, 0.00464, 0.00709, 0.00446, 0.00668, 0.00462, 0.00728, 0.00454, 0.00656, 0.00468, 0.00791, 

Versao2:
0.00346, 0.00399, 0.00579, 0.00416, 0.00639, 0.00532, 0.00376, 0.00587, 0.00374, 0.00577, 0.00343, 0.00364, 0.00620, 0.00344, 0.00367, 0.00480, 0.00346, 0.00364, 0.00486, 0.00357, 0.00374, 0.00472, 0.00370, 0.00399, 0.00537, 0.00358, 0.00397, 0.00636, 0.00344, 0.00442, 

Versao3:
0.00658, 0.00335, 0.00350, 0.00529, 0.00325, 0.00340, 0.00458, 0.00323, 0.00305, 0.00361, 0.00394, 0.00351, 0.00455, 0.00323, 0.00321, 0.00372, 0.00340, 0.00318, 0.00360, 0.00398, 0.00325, 0.00317, 0.00355, 0.00354, 0.00307, 0.00333, 0.00363, 0.00316, 0.00371, 0.00576,

Versao4:
0.01252, 0.00968, 0.01159, 0.01129, 0.01280, 0.01146, 0.00930, 0.01146, 0.01287, 0.01417, 0.01214, 0.01242, 0.00954, 0.01066, 0.01194, 0.01377, 0.01364, 0.00998, 0.01073, 0.01101, 0.01193, 0.01151, 0.01013, 0.01188, 0.01121, 0.01145, 0.01354, 0.01408, 0.01447, 0.01114, 
 